,future,Au_TD,diff,ytm
20:00,,390.44,,
20:01,,390.3,,
20:02,,390.52,,
20:03,,390.32,,
20:04,,390.5,,
20:05,,390.46,,
20:06,,390.65,,
20:07,,390.82,,
20:08,,390.89,,
20:09,,390.85,,
20:10,,390.93,,
20:11,,390.87,,
20:12,,390.79,,
20:13,,390.8,,
20:14,,390.8,,
20:15,,390.81,,
20:16,,390.95,,
20:17,,391.13,,
20:18,,391.0,,
20:19,,391.07,,
20:20,,391.18,,
20:21,,391.35,,
20:22,,391.4,,
20:23,,391.4,,
20:24,,391.47,,
20:25,,391.3,,
20:26,,391.3,,
20:27,,391.3,,
20:28,,391.36,,
20:29,,391.25,,
20:30,,391.2,,
20:31,,391.16,,
20:32,,391.08,,
20:33,,391.03,,
20:34,,391.03,,
20:35,,391.08,,
20:36,,391.08,,
20:37,,391.2,,
20:38,,391.19,,
20:39,,391.28,,
20:40,,391.2,,
20:41,,391.08,,
20:42,,390.98,,
20:43,,390.88,,
20:44,,390.85,,
20:45,,390.94,,
20:46,,390.85,,
20:47,,390.88,,
20:48,,390.86,,
20:49,,390.77,,
20:50,,390.88,,
20:51,,390.97,,
20:52,,391.0,,
20:53,,390.85,,
20:54,,390.92,,
20:55,,390.92,,
20:56,,390.88,,
20:57,,390.88,,
20:58,,391.46,,
20:59,,391.05,,
21:00,396.98,391.4,5.580000000000041,3.079069823694665
21:01,396.86,391.24,5.6200000000000045,3.102410239874557
21:02,396.88,391.23,5.649999999999977,3.119050870816001
21:03,397.0,391.3,5.699999999999989,3.146090183382045
21:04,397.24,391.58,5.660000000000025,3.1217785267454006
21:05,397.2,391.52,5.680000000000007,3.1332896458167636
21:06,397.34,391.53,5.810000000000002,3.2049204025415707
21:07,397.3,391.55,5.75,3.171661104138536
21:08,397.36,391.58,5.78000000000003,3.1879646439202167
21:09,397.48,391.68,5.800000000000011,3.1981789264029143
21:10,397.36,391.62,5.740000000000009,3.1655792401098926
21:11,397.54,391.75,5.7900000000000205,3.1920943422588035
21:12,397.62,391.8,5.819999999999993,3.2082242177659737
21:13,397.62,391.89,5.730000000000018,3.15788710785738
21:14,397.82,392.0,5.819999999999993,3.206587368675277
21:15,397.64,391.78,5.860000000000014,3.2304387711857445
21:16,397.6,391.74,5.860000000000014,3.2307686265766864
21:17,397.94,392.0,5.939999999999998,3.27270257215312
21:18,398.04,392.08,5.960000000000036,3.2830517621690736
21:19,398.16,392.14,6.020000000000039,3.315595233316947
21:20,398.24,392.35,5.889999999999986,3.2422596959754637
21:21,398.32,392.41,5.909999999999968,3.252771637683005
21:22,398.16,392.28,5.880000000000052,3.2373325899928065
21:23,398.52,392.54,5.979999999999961,3.2902085431763712
21:24,398.52,392.56,5.9599999999999795,3.279037433541976
21:25,398.66,392.72,5.939999999999998,3.266702506325175
21:26,398.64,392.65,5.990000000000009,3.2947872783702357
21:27,398.62,392.6,6.019999999999982,3.3117104299360554
21:28,398.64,392.69,5.949999999999989,3.2724519890947836
21:29,398.64,392.62,6.019999999999982,3.3115417319364666
21:30,398.94,392.95,5.990000000000009,3.292271853548983
21:31,398.96,392.98,5.979999999999961,3.286524661658234
21:32,399.28,393.23,6.0499999999999545,3.322881786063418
21:33,399.22,393.23,5.990000000000009,3.2899275865322397
21:34,399.14,393.1,6.039999999999964,3.3184864955993647
21:35,399.12,393.1,6.019999999999982,3.3074981297199066
21:36,399.38,393.33,6.050000000000011,3.322036978449979
21:37,399.4,393.4,6.0,3.293995902810576
21:38,399.64,393.6,6.039999999999964,3.314270938567353
21:39,399.66,393.62,6.0400000000000205,3.314102539048125
21:40,399.46,393.4,6.060000000000002,3.3269358618386833
21:41,399.38,393.4,5.980000000000018,3.2830159164678845
21:42,399.12,393.13,5.990000000000009,3.2907644414114228
21:43,399.1,393.02,6.080000000000041,3.3411431852693636
21:44,399.18,393.2,5.980000000000018,3.284685812661407
21:45,399.28,393.3,5.979999999999961,3.283850652271684
21:46,399.0,393.16,5.839999999999975,3.208113173130337
21:47,399.02,393.1,5.919999999999959,3.2525563003225537
21:48,399.18,393.25,5.930000000000007,3.256807743090695
21:49,399.24,393.26,5.980000000000018,3.2841846654591498
21:50,399.24,393.26,5.980000000000018,3.2841846654591498
21:51,399.12,393.1,6.019999999999982,3.3074981297199066
21:52,399.14,393.06,6.079999999999984,3.3408031717156486
21:53,399.18,393.09,6.090000000000032,3.34604252967049
21:54,399.06,393.08,5.980000000000018,3.285688566038632
21:55,399.3,393.25,6.050000000000011,3.3227127901684175
21:56,399.14,393.19,5.949999999999989,3.268290576051351
21:57,399.16,393.19,5.970000000000027,3.2792764267271757
21:58,399.2,393.19,6.009999999999991,3.301248128078761
21:59,399.44,393.37,6.069999999999993,3.3326799993922904
22:00,399.48,393.43,6.050000000000011,3.3211926002941574
22:01,399.64,393.6,6.039999999999964,3.314270938567353
22:02,399.56,393.51,6.050000000000011,3.32051740675899
22:03,399.6,393.53,6.07000000000005,3.3313250104463643
22:04,399.58,393.54,6.039999999999964,3.314776239823424
22:05,399.34,393.38,5.9599999999999795,3.272202285096441
22:06,399.44,393.41,6.029999999999973,3.3103817343395
22:07,399.54,393.5,6.0400000000000205,3.3151131929355095
22:08,399.54,393.41,6.1299999999999955,3.3652802705640488
22:09,399.74,393.63,6.110000000000014,3.352425843089672
22:10,399.72,393.69,6.03000000000003,3.3080273263392903
22:11,399.76,393.77,5.990000000000009,3.2854159150064075
22:12,399.68,393.61,6.069999999999993,3.330647929069244
22:13,399.8,393.76,6.0400000000000205,3.312924221404213
22:14,399.78,393.78,6.0,3.290817177524711
22:15,399.8,393.77,6.03000000000003,3.3073552533370125
22:16,399.86,393.74,6.1200000000000045,3.356974521077348
22:17,399.68,393.6,6.079999999999984,3.336219752730063
22:18,399.72,393.64,6.080000000000041,3.335880740459722
22:19,399.7,393.62,6.079999999999984,3.3360502379821986
22:20,400.04,394.04,6.0,3.2886457927258155
22:21,399.9,393.87,6.029999999999973,3.3065155460088427
22:22,399.76,393.67,6.089999999999975,3.3411127543073142
22:23,399.7,393.71,5.990000000000009,3.28591660067581
22:24,399.52,393.51,6.009999999999991,3.2985635726647047
22:25,399.58,393.5,6.079999999999984,3.3370675849416847
22:26,399.68,393.57,6.110000000000014,3.352936922568762
22:27,399.82,393.74,6.079999999999984,3.3350335111356553
22:28,399.76,393.83,5.930000000000007,3.252011388087286
22:29,399.74,393.68,6.060000000000002,3.32456962011618
22:30,399.86,393.91,5.949999999999989,3.262316700763196
22:31,400.04,393.99,6.050000000000011,3.3164720036897646
22:32,400.14,394.11,6.029999999999973,3.304501987025203
22:33,400.44,394.41,6.029999999999973,3.3019884843348364
22:34,400.46,394.32,6.139999999999986,3.3629911608749494
22:35,400.48,394.4,6.080000000000041,3.329452572704273
22:36,400.66,394.64,6.020000000000039,3.2945913105435527
22:37,400.72,394.72,6.0,3.282980310512972
22:38,400.84,394.68,6.159999999999968,3.3708680479969213
22:39,400.76,394.69,6.069999999999993,3.321534194838849
22:40,400.6,394.52,6.080000000000041,3.328439862806867
22:41,400.56,394.42,6.139999999999986,3.3621385187267636
22:42,400.3,394.2,6.100000000000023,3.342099495945662
22:43,400.32,394.28,6.0400000000000205,3.3085549391805897
22:44,400.34,394.3,6.039999999999964,3.3083871200104245
22:45,400.36,394.35,6.009999999999991,3.2915373436776667
22:46,400.34,394.23,6.109999999999957,3.3473236045338384
22:47,400.18,394.16,6.019999999999982,3.2986033965721924
22:48,400.3,394.2,6.100000000000023,3.342099495945662
22:49,400.38,394.21,6.170000000000016,3.38036570481988
22:50,400.26,394.23,6.029999999999973,3.303496126896742
22:51,400.0,394.0,6.0,3.288979665395128
22:52,399.5,393.41,6.089999999999975,3.343320856074223
22:53,399.78,393.71,6.069999999999993,3.329801964290837
22:54,399.76,393.78,5.980000000000018,3.279847786932972
22:55,399.96,393.98,5.979999999999961,3.27818280506232
22:56,400.16,394.17,5.990000000000009,3.2820819059088033
22:57,400.16,394.07,6.090000000000032,3.3377213641946164
22:58,400.48,394.5,5.980000000000018,3.2738617529492156
22:59,400.44,394.46,5.980000000000018,3.27419373710507
23:00,400.68,394.61,6.069999999999993,3.3222075754819826
23:01,400.58,394.6,5.979999999999961,3.2730320870209146
23:02,400.72,394.7,6.020000000000039,3.294090485920719
23:03,400.76,394.63,6.1299999999999955,3.3548764950525873
23:04,400.62,394.55,6.069999999999993,3.3227127901684077
23:05,400.74,394.68,6.060000000000002,3.316146164100887
23:06,400.76,394.8,5.9599999999999795,3.260432965833936
23:07,400.86,394.79,6.069999999999993,3.3206928528102155
23:08,400.64,394.73,5.909999999999968,3.2336536831332507
23:09,400.5,394.5,6.0,3.2848111233604067
23:10,400.48,394.36,6.1200000000000045,3.351696794626725
23:11,400.58,394.57,6.009999999999991,3.2897020844952434
23:12,400.3,394.4,5.900000000000034,3.23088325311763
23:13,400.28,394.34,5.939999999999998,3.25328246762698
23:14,400.36,394.28,6.080000000000041,3.330465899042724
23:15,400.48,394.48,6.0,3.2849776621518965
23:16,400.66,394.6,6.060000000000002,3.3168184694560003
23:17,400.5,394.35,6.149999999999977,3.3682120904521806
23:18,400.6,394.68,5.920000000000016,3.2395355266464176
23:19,400.38,394.41,5.96999999999997,3.269132877525533
23:20,400.32,394.34,5.980000000000018,3.275190093671618
23:21,400.14,394.23,5.909999999999968,3.237754910441083
23:22,400.12,394.14,5.980000000000018,3.276852036176144
23:23,400.26,394.3,5.9599999999999795,3.2645674230566524
23:24,400.3,394.27,6.03000000000003,3.303160976251086
23:25,400.44,394.48,5.9599999999999795,3.2630778110708727
23:26,400.3,394.36,5.939999999999998,3.253117477137699
23:27,400.32,394.32,6.0,3.286310580659567
23:28,400.32,394.43,5.889999999999986,3.2251618581648795
23:29,400.24,394.17,6.069999999999993,3.325916054902568
23:30,399.92,393.9,6.020000000000039,3.30078069254356
23:31,399.98,394.0,5.980000000000018,3.2780163998438208
23:32,400.04,393.9,6.140000000000043,3.3665769854181833
23:33,399.76,393.79,5.96999999999997,3.274279941656329
23:34,399.66,393.65,6.010000000000048,3.297390452125747
23:35,399.88,393.85,6.029999999999973,3.3066834533616927
23:36,399.74,393.69,6.050000000000011,3.3189992246024285
23:37,399.7,393.67,6.029999999999973,3.3081953872698024
23:38,399.64,393.64,6.0,3.291987572822072
23:39,399.48,393.53,5.9500000000000455,3.2654668553798767
23:40,399.36,393.28,6.080000000000041,3.3389343334890285
23:41,399.48,393.44,6.0400000000000205,3.3156187510678192
23:42,399.38,393.41,5.96999999999997,3.2774426126047778
23:43,399.62,393.55,6.069999999999993,3.331155714295376
23:44,399.58,393.74,5.839999999999975,3.203387451485558
23:45,399.44,393.53,5.910000000000025,3.243514137024371
23:46,399.36,393.43,5.930000000000007,3.255317705742866
23:47,399.2,393.2,6.0,3.295671383941202
23:48,399.3,393.26,6.0400000000000205,3.317136351065765
23:49,399.1,393.24,5.860000000000014,3.218444974507047
23:50,398.88,392.86,6.019999999999982,3.3095186957004925
23:51,398.66,392.63,6.03000000000003,3.3169581491646465
23:52,398.66,392.68,5.980000000000018,3.2890355035613363
23:53,398.82,392.86,5.9599999999999795,3.2765334595307185
23:54,398.4,392.4,6.0,3.3023903877820606
23:55,398.36,392.24,6.1200000000000045,3.3698122270268076
23:56,397.98,391.95,6.03000000000003,3.3227127901684277
23:57,397.92,391.75,6.170000000000016,3.4015927619579958
23:58,398.34,392.4,5.939999999999998,3.2693664839042387
23:59,398.24,392.2,6.0400000000000205,3.326101584447024
00:00,398.12,391.8,6.319999999999993,3.483844855031092
00:01,398.08,391.95,6.1299999999999955,3.377815821514486
00:02,398.3,392.19,6.110000000000014,3.364734910669287
00:03,398.42,392.39,6.03000000000003,3.3189869214468133
00:04,398.3,392.2,6.100000000000023,3.3591423286633857
00:05,398.4,392.31,6.089999999999975,3.3526952103901513
00:06,398.26,392.08,6.180000000000007,3.404238236611539
00:07,398.02,392.01,6.009999999999991,3.3111853051689706
00:08,398.1,392.0,6.100000000000023,3.360856176790255
00:09,398.1,392.05,6.050000000000011,3.3328830627055996
00:10,398.48,392.37,6.110000000000014,3.3631913362779717
00:11,398.44,392.36,6.079999999999984,3.3467634179696018
00:12,398.48,392.35,6.1299999999999955,3.3743721453870332
00:13,398.54,392.42,6.1200000000000045,3.36826652038376
00:14,398.38,392.25,6.1299999999999955,3.3752324059722185
00:15,398.18,392.24,5.939999999999998,3.2707001027024862
00:16,398.16,392.06,6.100000000000023,3.360341838753711
00:17,398.06,392.0,6.060000000000002,3.3388177756309636
00:18,397.8,391.73,6.069999999999993,3.346632454397021
00:19,397.8,391.85,5.949999999999989,3.2794670705566684
00:20,397.76,391.62,6.139999999999986,3.3861770965635305
00:21,397.72,391.62,6.100000000000023,3.364117310918186
00:22,398.04,391.86,6.180000000000007,3.406149461059185
00:23,398.04,392.24,5.800000000000011,3.1936128948946907
00:24,398.0,392.07,5.930000000000007,3.26660964871175
00:25,398.1,392.05,6.050000000000011,3.3328830627055996
00:26,397.9,391.8,6.099999999999966,3.3625717746344255
00:27,397.86,391.9,5.960000000000036,3.2845596706079374
00:28,398.08,391.99,6.089999999999975,3.355432174259956
00:29,398.06,391.99,6.069999999999993,3.3444126925710993
00:30,398.04,392.01,6.03000000000003,3.3222042246537464
00:31,398.12,392.09,6.03000000000003,3.3215263794193053
00:32,398.1,391.91,6.189999999999998,3.41122576898844
00:33,398.12,391.91,6.2099999999999795,3.4222475000675523
00:34,398.06,392.0,6.060000000000002,3.3388177756309636
00:35,398.1,392.01,6.090000000000032,3.355260983108014
00:36,397.74,391.6,6.139999999999986,3.386350037171118
00:37,397.66,391.6,6.060000000000002,3.3422282125825786
00:38,397.62,391.61,6.009999999999991,3.3145674305540926
00:39,397.8,391.75,6.050000000000011,3.33543536626351
00:40,397.78,391.75,6.029999999999973,3.324409133647742
00:41,397.9,392.0,5.899999999999977,3.2506641709938293
00:42,398.04,392.0,6.0400000000000205,3.3277985750513337
00:43,397.96,392.0,5.9599999999999795,3.2837217727327497
00:44,397.96,392.08,5.8799999999999955,3.2389839532808757
00:45,398.08,392.13,5.949999999999989,3.2771253706618486
00:46,398.04,392.22,5.819999999999993,3.2047887627370057
00:47,397.98,391.98,6.0,3.3059288437310075
00:48,398.0,391.98,6.019999999999982,3.316948606543434
00:49,398.0,392.0,6.0,3.3057601738920415
00:50,397.88,391.93,5.949999999999989,3.2787976720272263
00:51,397.82,391.89,5.930000000000007,3.2681100435592016
00:52,397.94,391.89,6.050000000000011,3.334243804980301
00:53,398.12,392.11,6.009999999999991,3.310340852003999
00:54,398.14,392.11,6.029999999999973,3.321356961328461
00:55,398.22,392.15,6.07000000000005,3.343048148313038
00:56,398.24,392.26,5.980000000000018,3.2925571343967404
00:57,398.18,392.26,5.920000000000016,3.259521444085066
00:58,398.12,392.2,5.920000000000016,3.2600200960142987
00:59,398.1,392.2,5.900000000000034,3.249006514608855
01:00,397.92,392.05,5.8700000000000045,3.233722905468074
01:01,398.0,392.04,5.9599999999999795,3.283386733270171
01:02,398.04,392.15,5.890000000000043,3.2439132773581174
01:03,398.0,392.14,5.860000000000014,3.227473100869972
01:04,397.88,392.1,5.779999999999973,3.183736789763494
01:05,397.86,392.1,5.759999999999991,3.1727203994875066
01:06,397.86,392.1,5.759999999999991,3.1727203994875066
01:07,397.88,391.99,5.889999999999986,3.245237357371294
01:08,397.88,391.99,5.889999999999986,3.245237357371294
01:09,397.68,391.97,5.7099999999999795,3.1462225478250923
01:10,397.72,391.83,5.890000000000043,3.246562518735129
01:11,397.76,391.83,5.930000000000007,3.2686104815108994
01:12,397.68,391.83,5.850000000000023,3.224514555959327
01:13,397.56,391.75,5.810000000000002,3.2031205748745406
01:14,397.56,391.73,5.829999999999984,3.214310907600429
01:15,397.56,391.73,5.829999999999984,3.214310907600429
01:16,397.66,391.76,5.900000000000034,3.252655592785361
01:17,397.62,391.76,5.860000000000014,3.2306036904613817
01:18,397.68,391.85,5.829999999999984,3.213326558209305
01:19,397.64,391.75,5.889999999999986,3.2472255053375196
01:20,397.4,391.52,5.8799999999999955,3.243616746021573
01:21,397.5,391.51,5.990000000000009,3.30438104991462
01:22,397.62,391.74,5.8799999999999955,3.2417951406605554
01:23,397.54,391.78,5.760000000000048,3.175311829697952
01:24,397.54,391.78,5.760000000000048,3.175311829697952
01:25,397.54,391.78,5.760000000000048,3.175311829697952
01:26,397.46,391.78,5.680000000000007,3.131210276507681
01:27,397.7,391.78,5.920000000000016,3.2635149360784323
01:28,397.6,391.95,5.650000000000034,3.1133212710533393
01:29,397.74,392.0,5.740000000000009,3.1625105663567252
01:30,397.52,392.0,5.519999999999982,3.041299359980669
01:31,397.44,391.6,5.839999999999975,3.2208931949640536
01:32,397.14,391.5,5.639999999999986,3.1113831644335543
01:33,397.24,391.33,5.910000000000025,3.2617486989068065
01:34,397.22,391.33,5.890000000000043,3.2507106322438495
01:35,397.16,391.46,5.7000000000000455,3.144804293561044
01:36,397.24,391.46,5.78000000000003,3.1889418976811905
01:37,397.1,391.33,5.770000000000039,3.184482232266044
01:38,397.18,391.33,5.850000000000023,3.228634498917904
01:39,397.06,391.3,5.759999999999991,3.1792069221544885
01:40,397.04,391.3,5.740000000000009,3.168168009230351
01:41,397.02,391.23,5.789999999999964,3.196337087084001
01:42,397.04,391.2,5.840000000000032,3.224186541789202
01:43,397.02,391.29,5.729999999999961,3.1627293789726703
01:44,397.1,391.29,5.810000000000002,3.2068861591328703
01:45,397.22,391.43,5.7900000000000205,3.194703928109461
01:46,397.16,391.47,5.689999999999998,3.1392069007683507
01:47,397.04,391.43,5.610000000000014,3.095386707546469
01:48,397.22,391.43,5.7900000000000205,3.194703928109461
01:49,397.16,391.43,5.730000000000018,3.1615981879217965
01:50,397.16,391.47,5.689999999999998,3.1392069007683507
01:51,397.24,391.47,5.769999999999982,3.183343377404804
01:52,397.2,391.47,5.729999999999961,3.161275139086562
01:53,397.16,391.41,5.75,3.1727955477004772
01:54,397.16,391.41,5.75,3.1727955477004772
01:55,397.06,391.35,5.7099999999999795,3.1512069811447585
01:56,397.06,391.19,5.8700000000000045,3.240831987240876
01:57,396.98,391.18,5.800000000000011,3.202266787395812
01:58,397.0,391.25,5.75,3.174093048755128
01:59,397.02,391.27,5.75,3.1739308030910727
02:00,397.16,391.38,5.78000000000003,3.18959373311431
02:01,397.04,391.38,5.660000000000025,3.1233737940185087
02:02,397.06,391.38,5.680000000000007,3.134410450534465
02:03,397.0,391.38,5.6200000000000045,3.1013004809865645
02:04,396.96,391.25,5.7099999999999795,3.152012401459429
02:05,396.86,391.12,5.740000000000009,3.1696260534154126
02:06,396.98,391.21,5.770000000000039,3.1854590423370346
02:07,396.94,391.19,5.75,3.174579885287057
02:08,397.04,391.23,5.810000000000002,3.2073779751223093
02:09,396.98,391.25,5.730000000000018,3.1630527251072937
02:10,396.96,391.25,5.7099999999999795,3.152012401459429
02:11,397.0,391.2,5.800000000000011,3.2021030723248813
02:12,396.98,391.21,5.770000000000039,3.1854590423370346
02:13,396.98,391.22,5.759999999999991,3.1798570334825706
02:14,397.02,391.27,5.75,3.1739308030910727
02:15,397.08,391.31,5.769999999999982,3.184644992340239
02:16,397.16,391.43,5.730000000000018,3.1615981879217965
02:17,397.0,391.25,5.75,3.174093048755128
02:18,397.04,391.25,5.7900000000000205,3.1961736960508276
02:19,397.06,391.33,5.730000000000018,3.1624060989400986
02:20,397.06,391.33,5.730000000000018,3.1624060989400986
02:21,397.1,391.37,5.730000000000018,3.1620828849892146
02:22,397.08,391.33,5.75,3.1734441656030556
02:23,397.18,391.37,5.810000000000002,3.2062306390553728
02:24,397.22,391.47,5.75,3.172309258245699
02:25,397.18,391.57,5.610000000000014,3.0942799983014897
02:26,397.3,391.64,5.660000000000025,3.1213002642808805
02:27,397.1,391.71,5.390000000000043,2.971873135828834
02:28,397.16,391.63,5.53000000000003,3.0496874918316825
02:29,397.1,391.38,5.720000000000027,3.15648376356641
02:30,,391.38,,
09:00,397.92,392.2,5.720000000000027,3.1498842819597686
09:01,398.08,392.38,5.699999999999989,3.137430778218548
09:02,397.96,392.29,5.669999999999959,3.1216339922418594
09:03,397.92,392.2,5.720000000000027,3.1498842819597686
09:04,397.88,392.17,5.7099999999999795,3.1446180280771134
09:05,397.86,392.19,5.670000000000016,3.1224299416521872
09:06,397.8,392.16,5.639999999999986,3.1061467484591403
09:07,397.6,392.08,5.520000000000039,3.040678813284111
09:08,397.64,392.1,5.539999999999964,3.0515401064515095
09:09,397.58,392.05,5.529999999999973,3.0464203862416266
09:10,397.68,392.15,5.53000000000003,3.0456435354482774
09:11,397.56,391.99,5.569999999999993,3.0689256503494273
09:12,397.42,391.82,5.600000000000023,3.086793567508822
09:13,397.34,391.72,5.619999999999948,3.0986086547751186
09:14,397.24,391.66,5.579999999999984,3.0770258106369788
09:15,397.28,391.69,5.589999999999975,3.082304098413763
09:16,397.08,391.5,5.579999999999984,3.078283343535324
09:17,397.2,391.52,5.680000000000007,3.1332896458167636
09:18,397.28,391.59,5.689999999999998,3.1382449129032577
09:19,397.44,391.8,5.639999999999986,3.1090007883505275
09:20,397.36,391.81,5.550000000000011,3.0593109901565985
09:21,397.48,391.85,5.6299999999999955,3.1030923709637084
09:22,397.48,391.85,5.6299999999999955,3.1030923709637084
09:23,397.52,391.95,5.569999999999993,3.069238845976456
09:24,397.32,391.65,5.670000000000016,3.1267350920887824
09:25,397.38,391.67,5.7099999999999795,3.1486323999055363
09:26,397.3,391.64,5.660000000000025,3.1213002642808805
09:27,397.36,391.65,5.710000000000036,3.148793187976545
09:28,397.44,391.7,5.740000000000009,3.164932708735859
09:29,397.58,391.85,5.729999999999961,3.15820946458649
09:30,397.68,391.85,5.829999999999984,3.213326558209305
09:31,397.46,391.66,5.7999999999999545,3.198342240447024
09:32,397.6,391.84,5.760000000000048,3.174825614125826
09:33,397.66,391.85,5.810000000000002,3.2023031394847545
09:34,397.68,391.8,5.8799999999999955,3.2412986942377895
09:35,397.62,391.72,5.899999999999977,3.252987733660729
09:36,397.74,391.89,5.850000000000023,3.2240208692784793
09:37,397.8,391.9,5.900000000000034,3.251493633655507
09:38,397.86,391.96,5.900000000000034,3.250995905269908
09:39,397.88,391.95,5.930000000000007,3.267609758822339
09:40,397.82,391.95,5.8700000000000045,3.234547940014691
09:41,397.72,391.86,5.860000000000014,3.229779262428293
09:42,397.72,391.85,5.8700000000000045,3.2353733956584363
09:43,397.7,391.86,5.839999999999975,3.2187561250138406
09:44,397.62,391.76,5.860000000000014,3.2306036904613817
09:45,397.58,391.69,5.889999999999986,3.247722923015582
09:46,397.32,391.51,5.810000000000002,3.205084123539887
09:47,397.3,391.5,5.800000000000011,3.1996493534955137
09:48,397.32,391.42,5.899999999999977,3.255480954038069
09:49,397.34,391.4,5.939999999999998,3.2777194897394564
09:50,397.44,391.6,5.839999999999975,3.2208931949640536
09:51,397.44,391.5,5.939999999999998,3.276882268924708
09:52,397.44,391.71,5.730000000000018,3.159338231595387
09:53,397.52,391.66,5.859999999999957,3.2314285394861315
09:54,397.44,391.6,5.839999999999975,3.2208931949640536
09:55,397.44,391.6,5.839999999999975,3.2208931949640536
09:56,397.46,391.66,5.7999999999999545,3.198342240447024
09:57,397.48,391.75,5.730000000000018,3.1590156444115607
09:58,397.56,391.75,5.810000000000002,3.2031205748745406
09:59,397.62,391.78,5.840000000000032,3.219413382888193
10:00,397.66,391.8,5.860000000000014,3.230273868747195
10:01,397.18,391.41,5.769999999999982,3.183831358301164
10:02,397.14,391.35,5.789999999999964,3.1953569913884596
10:03,397.12,391.32,5.800000000000011,3.201121133326928
10:04,397.02,391.28,5.740000000000009,3.168329947893673
10:05,396.82,391.02,5.800000000000011,3.2035771108728293
10:06,396.66,390.95,5.710000000000036,3.15443113459781
10:07,397.0,391.07,5.930000000000007,3.274962653669204
10:08,396.96,391.2,5.759999999999991,3.1800196028605607
10:09,396.92,391.0,5.920000000000016,3.2700252727795602
10:10,396.96,391.22,5.739999999999952,3.168815863227401
10:11,397.0,391.3,5.699999999999989,3.146090183382045
10:12,396.94,391.1,5.839999999999975,3.2250109310864827
10:13,396.9,391.24,5.659999999999968,3.1244914515462416
10:14,396.92,391.0,5.920000000000016,3.2700252727795602
10:15,396.92,391.27,5.650000000000034,3.1187320065155943
10:16,,391.1,,
10:17,,391.16,,
10:18,,391.16,,
10:19,,391.02,,
10:20,,391.1,,
10:21,,391.03,,
10:22,,391.09,,
10:23,,391.1,,
10:24,,391.37,,
10:25,,391.25,,
10:26,,391.36,,
10:27,,391.34,,
10:28,,391.25,,
10:29,,391.25,,
10:30,397.04,391.26,5.78000000000003,3.1905719860611317
10:31,397.1,391.26,5.840000000000032,3.2236921104839134
10:32,397.06,391.22,5.839999999999975,3.224021714503153
10:33,397.14,391.23,5.909999999999968,3.2625824153137235
10:34,397.0,391.3,5.699999999999989,3.146090183382045
10:35,397.1,391.45,5.650000000000034,3.11729792359013
10:36,397.16,391.45,5.710000000000036,3.1504019723362213
10:37,397.2,391.45,5.75,3.1724713381669276
10:38,397.18,391.5,5.680000000000007,3.1334497116990523
10:39,397.22,391.5,5.720000000000027,3.1555162589645502
10:40,397.28,391.5,5.779999999999973,3.1886160798627485
10:41,397.28,391.6,5.67999999999995,3.1326495457869417
10:42,397.28,391.5,5.779999999999973,3.1886160798627485
10:43,397.2,391.45,5.75,3.1724713381669276
10:44,397.2,391.55,5.649999999999977,3.1165017805882886
10:45,397.04,391.4,5.640000000000043,3.112178101368802
10:46,397.06,391.38,5.680000000000007,3.134410450534465
10:47,397.12,391.43,5.689999999999998,3.1395276944633435
10:48,397.04,391.38,5.660000000000025,3.1233737940185087
10:49,396.94,391.3,5.639999999999986,3.1129734446096005
10:50,396.76,391.05,5.7099999999999795,3.1536244778698417
10:51,396.76,391.13,5.6299999999999955,3.1088046060443566
10:52,396.88,391.13,5.75,3.1750668711820715
10:53,396.92,391.13,5.7900000000000205,3.197154292894654
10:54,396.92,391.21,5.710000000000036,3.152334684877723
10:55,396.8,391.15,5.650000000000034,3.1196887950641865
10:56,396.86,391.15,5.710000000000036,3.152818233595843
10:57,396.8,391.08,5.720000000000027,3.1589051226977123
10:58,396.8,391.08,5.720000000000027,3.1589051226977123
10:59,396.84,391.08,5.759999999999991,3.1809953683109624
11:00,396.58,390.95,5.6299999999999955,3.1102359523267147
11:01,396.36,390.64,5.720000000000027,3.1624631767986418
11:02,396.06,390.5,5.560000000000002,3.0751047435771177
11:03,396.34,390.6,5.739999999999952,3.173845729676968
11:04,396.3,390.72,5.579999999999984,3.0844285651977867
11:05,396.36,390.72,5.639999999999986,3.117594463748302
11:06,396.46,390.8,5.659999999999968,3.1280093027199376
11:07,396.44,390.78,5.660000000000025,3.1281693932723376
11:08,396.46,390.8,5.659999999999968,3.1280093027199376
11:09,396.44,390.81,5.6299999999999955,3.11135013321596
11:10,396.58,390.95,5.6299999999999955,3.1102359523267147
11:11,396.7,391.0,5.699999999999989,3.148504063318143
11:12,396.64,391.05,5.589999999999975,3.0873486569688966
11:13,396.7,391.05,5.649999999999977,3.1204865674193694
11:14,396.54,390.95,5.590000000000032,3.088138361191199
11:15,396.68,391.0,5.680000000000007,3.1374566806398443
11:16,397.02,391.33,5.689999999999998,3.1403299656141526
11:17,397.34,391.52,5.819999999999993,3.2105186159601264
11:18,397.22,391.51,5.710000000000036,3.1499191644428333
11:19,397.1,391.4,5.7000000000000455,3.145286379042939
11:20,397.16,391.5,5.660000000000025,3.1224164380663195
11:21,397.16,391.5,5.660000000000025,3.1224164380663195
11:22,397.06,391.4,5.660000000000025,3.123214193926837
11:23,396.96,391.3,5.659999999999968,3.124012357533738
11:24,397.0,391.38,5.6200000000000045,3.1013004809865645
11:25,397.04,391.2,5.840000000000032,3.224186541789202
11:26,397.1,391.3,5.800000000000011,3.2012847480027946
11:27,397.06,391.3,5.759999999999991,3.1792069221544885
11:28,397.04,391.25,5.7900000000000205,3.1961736960508276
11:29,396.88,391.2,5.680000000000007,3.1358526639319506
11:30,396.94,391.2,5.740000000000009,3.1689778681284158
11:31,,391.2,,
11:32,,391.3,,
11:33,,391.45,,
11:34,,391.45,,
11:35,,391.4,,
11:36,,391.4,,
11:37,,391.44,,
11:38,,391.44,,
11:39,,391.44,,
11:40,,391.35,,
11:41,,391.35,,
11:42,,391.35,,
11:43,,391.4,,
11:44,,391.4,,
11:45,,391.4,,
11:46,,391.25,,
11:47,,391.18,,
11:48,,391.15,,
11:49,,391.2,,
11:50,,391.2,,
11:51,,391.2,,
11:52,,391.2,,
11:53,,391.2,,
11:54,,391.2,,
11:55,,391.3,,
11:56,,391.44,,
11:57,,391.46,,
11:58,,391.32,,
11:59,,391.39,,
12:00,,391.36,,
12:01,,391.36,,
12:02,,391.3,,
12:03,,391.3,,
12:04,,391.3,,
12:05,,391.43,,
12:06,,391.35,,
12:07,,391.35,,
12:08,,391.35,,
12:09,,391.35,,
12:10,,391.35,,
12:11,,391.35,,
12:12,,391.35,,
12:13,,391.35,,
12:14,,391.3,,
12:15,,391.3,,
12:16,,391.3,,
12:17,,391.3,,
12:18,,391.3,,
12:19,,391.3,,
12:20,,391.18,,
12:21,,391.18,,
12:22,,391.18,,
12:23,,391.14,,
12:24,,391.14,,
12:25,,391.14,,
12:26,,391.14,,
12:27,,391.07,,
12:28,,391.07,,
12:29,,391.07,,
12:30,,391.07,,
12:31,,391.07,,
12:32,,391.07,,
12:33,,391.07,,
12:34,,391.07,,
12:35,,391.25,,
12:36,,391.25,,
12:37,,391.11,,
12:38,,391.09,,
12:39,,391.08,,
12:40,,391.08,,
12:41,,391.08,,
12:42,,391.08,,
12:43,,391.08,,
12:44,,391.08,,
12:45,,391.06,,
12:46,,391.06,,
12:47,,391.06,,
12:48,,391.1,,
12:49,,391.1,,
12:50,,391.1,,
12:51,,391.1,,
12:52,,391.17,,
12:53,,391.19,,
12:54,,391.06,,
12:55,,391.0,,
12:56,,391.1,,
12:57,,391.1,,
12:58,,391.0,,
12:59,,391.0,,
13:00,,390.99,,
13:01,,391.0,,
13:02,,391.05,,
13:03,,391.13,,
13:04,,391.1,,
13:05,,391.1,,
13:06,,391.1,,
13:07,,391.1,,
13:08,,391.1,,
13:09,,391.1,,
13:10,,391.1,,
13:11,,391.1,,
13:12,,391.1,,
13:13,,391.1,,
13:14,,391.1,,
13:15,,391.09,,
13:16,,391.09,,
13:17,,391.19,,
13:18,,391.12,,
13:19,,391.1,,
13:20,,391.11,,
13:21,,391.11,,
13:22,,391.11,,
13:23,,391.11,,
13:24,,391.14,,
13:25,,391.11,,
13:26,,391.17,,
13:27,,391.13,,
13:28,,391.13,,
13:29,,391.17,,
13:30,396.88,391.11,5.769999999999982,3.1862735086105163
13:31,396.68,391.2,5.480000000000018,3.025435316610409
13:32,396.86,391.1,5.759999999999991,3.1808326991538003
13:33,396.98,391.29,5.689999999999998,3.1406509888926024
13:34,396.94,391.2,5.740000000000009,3.1689778681284158
13:35,396.96,391.25,5.7099999999999795,3.152012401459429
13:36,396.92,391.2,5.720000000000027,3.157936133396271
13:37,396.94,391.21,5.730000000000018,3.16337613736415
13:38,396.74,391.2,5.5400000000000205,3.0585605208068745
13:39,396.66,390.9,5.760000000000048,3.1824601397775996
13:40,396.12,390.5,5.6200000000000045,3.1082893271409002
13:41,396.14,390.59,5.550000000000011,3.0688666864314422
13:42,396.14,390.56,5.579999999999984,3.0856921573998344
13:43,396.32,390.7,5.6200000000000045,3.1066981885040224
13:44,396.28,390.65,5.6299999999999955,3.1126244606735685
13:45,396.12,390.49,5.6299999999999955,3.1138998324211355
13:46,396.12,390.4,5.720000000000027,3.1644073139974935
13:47,396.04,390.55,5.490000000000009,3.0360006636067074
13:48,396.22,390.53,5.690000000000055,3.1467629258796994
13:49,396.22,390.6,5.6200000000000045,3.10749355414368
13:50,396.0,390.49,5.509999999999991,3.047528965655496
13:51,396.16,390.48,5.680000000000007,3.141634813896176
13:52,396.28,390.58,5.699999999999989,3.151889724915239
13:53,396.3,390.6,5.699999999999989,3.15172833783255
13:54,396.38,390.64,5.740000000000009,3.173520740353871
13:55,396.4,390.7,5.699999999999989,3.1509216502620783
13:56,396.46,390.78,5.680000000000007,3.1392229953686965
13:57,396.44,390.71,5.730000000000018,3.1674243779228304
13:58,396.5,390.8,5.699999999999989,3.150115375530691
13:59,396.56,390.8,5.759999999999991,3.183274484746805
14:00,396.52,390.8,5.71999999999997,3.1611684119360524
14:01,396.44,390.71,5.730000000000018,3.1674243779228304
14:02,396.38,390.68,5.699999999999989,3.1510829547389014
14:03,396.34,390.62,5.71999999999997,3.1626250969858405
14:04,396.4,390.69,5.7099999999999795,3.1565303746474225
14:05,396.4,390.65,5.75,3.1789681436719417
14:06,396.42,390.75,5.670000000000016,3.133936785199159
14:07,396.5,390.84,5.660000000000025,3.1276891707679977
14:08,396.6,390.88,5.720000000000027,3.160521426997087
14:09,396.64,391.0,5.639999999999986,3.115361915283214
14:10,396.66,391.0,5.660000000000025,3.1264092979615445
14:11,396.62,390.95,5.670000000000016,3.1323335434622623
14:12,396.74,391.0,5.740000000000009,3.170598828674773
14:13,396.7,390.99,5.7099999999999795,3.1541084223918805
14:14,396.66,390.9,5.760000000000048,3.1824601397775996
14:15,396.62,390.9,5.720000000000027,3.160359722140244
14:16,396.64,390.9,5.740000000000009,3.1714099309589057
14:17,396.64,390.9,5.740000000000009,3.1714099309589057
14:18,396.6,390.9,5.7000000000000455,3.149309513321582
14:19,396.6,390.9,5.7000000000000455,3.149309513321582
14:20,396.76,390.97,5.789999999999964,3.1984626917151537
14:21,396.92,391.16,5.759999999999991,3.180344791489547
14:22,396.84,391.05,5.789999999999964,3.1978083584704615
14:23,396.86,391.07,5.7900000000000205,3.1976448169889946
14:24,396.86,391.07,5.7900000000000205,3.1976448169889946
14:25,396.72,390.9,5.82000000000005,3.2156107662336177
14:26,396.76,390.9,5.860000000000014,3.2377111838709416
14:27,396.82,390.9,5.920000000000016,3.270861810326959
14:28,396.72,390.9,5.82000000000005,3.2156107662336177
14:29,396.78,390.9,5.8799999999999955,3.248761392689604
14:30,396.76,390.9,5.860000000000014,3.2377111838709416
14:31,396.64,390.8,5.839999999999975,3.227486630368279
14:32,396.44,390.68,5.759999999999991,3.1842522489993126
14:33,396.56,390.72,5.839999999999975,3.2281474589166756
14:34,396.5,390.7,5.800000000000011,3.206200977459671
14:35,396.52,390.73,5.789999999999964,3.2004272991064764
14:36,396.46,390.7,5.759999999999991,3.1840892465806276
14:37,396.24,390.55,5.689999999999998,3.1466017806779836
14:38,396.38,390.7,5.680000000000007,3.139865784822572
14:39,396.0,390.4,5.600000000000023,3.0980211465709706
14:40,396.04,390.39,5.650000000000034,3.1257621152933126
14:41,395.92,390.4,5.520000000000039,3.0537637016199657
14:42,396.02,390.54,5.479999999999961,3.0305482046857675
14:43,396.14,390.5,5.639999999999986,3.1193508549954845
14:44,396.2,390.6,5.599999999999966,3.0964348582214396
14:45,396.2,390.6,5.599999999999966,3.0964348582214396
14:46,396.28,390.55,5.729999999999961,3.1687220040922197
14:47,396.18,390.5,5.680000000000007,3.141473910704684
14:48,396.2,390.46,5.740000000000009,3.1749837166722235
14:49,396.1,390.48,5.6200000000000045,3.1084485306507927
14:50,396.08,390.5,5.579999999999984,3.0861662714317015
14:51,396.08,390.4,5.680000000000007,3.1422785915219755
14:52,396.14,390.35,5.789999999999964,3.2035428681436495
14:53,396.06,390.22,5.839999999999975,3.232283776197846
14:54,396.02,390.31,5.7099999999999795,3.159603525584795
14:55,395.86,390.2,5.660000000000025,3.132819158131635
14:56,395.96,390.3,5.659999999999968,3.1320164886060766
14:57,395.98,390.3,5.680000000000007,3.1430836846789116
14:58,395.96,390.3,5.659999999999968,3.1320164886060766
14:59,396.18,390.3,5.8799999999999955,3.2537556454070353
15:00,396.18,390.48,5.699999999999989,3.1526969083112935
15:01,,390.33,,
15:02,,390.27,,
15:03,,390.27,,
15:04,,390.2,,
15:05,,390.2,,
15:06,,390.2,,
15:07,,390.15,,
15:08,,390.12,,
15:09,,390.13,,
15:10,,390.08,,
15:11,,390.1,,
15:12,,390.05,,
15:13,,390.03,,
15:14,,389.99,,
15:15,,389.94,,
15:17,,390.13,,
15:18,,390.11,,
15:19,,390.1,,
15:20,,390.01,,
15:21,,390.05,,
15:22,,390.05,,
15:23,,390.01,,
15:24,,389.92,,
15:26,,389.99,,
15:27,,389.96,,
